10.0000 171.8213 3.0051 0.0116 0.0006 
6.8129 111.4981 4.1588 0.0113 0.0008 
4.6416 97.6212 5.5634 0.0128 0.0012 
3.1623 54.3896 8.4336 0.0115 0.0017 
2.1544 39.0714 11.3375 0.0117 0.0024 
1.4678 32.9048 12.3652 0.0130 0.0028 
1.0000 23.8170 19.3753 0.0129 0.0045 
0.6813 16.8669 27.3613 0.0124 0.0064 
0.4642 12.8244 32.5921 0.0124 0.0080 
0.3162 10.8888 48.4666 0.0109 0.0123 
0.2154 14.6982 55.6937 0.0131 0.0192 
0.1468 17.5766 61.7813 0.0145 0.0271 
0.1000 20.6311 64.0043 0.0177 0.0363 
0.0681 27.1644 67.9608 0.0211 0.0520 
0.0464 36.8489 69.7942 0.0273 0.0743 
0.0316 46.2457 73.4318 0.0306 0.1030 
0.0215 56.9514 74.2694 0.0392 0.1391 
0.0147 82.0389 75.0021 0.0544 0.2029 
0.0100 117.7460 76.5456 0.0709 0.2965 
0.0068 154.3988 76.5420 0.0984 0.4114 
0.0046 222.5086 75.8884 0.1500 0.5967 
0.0032 307.2812 74.5092 0.2339 0.8441 
0.0022 359.0209 70.8168 0.3769 1.0834 
0.0015 459.2077 64.1852 0.6844 1.4148 
0.0010 607.4073 61.9056 1.0313 1.9319 
0.0007 694.5219 56.0263 1.5854 2.3528 
0.0005 674.0953 47.5420 2.2859 2.4983 
0.0003 585.5570 46.6019 2.6271 2.7783 
0.0002 507.7251 45.5798 3.0192 3.0809 
0.0001 532.7028 42.6834 3.9351 3.6291 
0.0001 569.7677 45.9439 4.6640 4.8202 
