10.0000 168.7926 2.8915 0.0115 0.0006 
6.8129 116.2627 4.1639 0.0116 0.0008 
4.6416 80.7319 5.8410 0.0117 0.0012 
3.1623 56.6930 7.9980 0.0118 0.0017 
2.1544 40.3602 10.7679 0.0119 0.0023 
1.4678 29.1655 14.3176 0.0121 0.0031 
1.0000 21.4496 19.0160 0.0123 0.0042 
0.6813 16.2547 25.5043 0.0124 0.0059 
0.4642 13.1915 34.4805 0.0123 0.0085 
0.3162 12.3495 45.6287 0.0123 0.0126 
0.2154 14.0712 56.2070 0.0126 0.0189 
0.1468 18.2420 62.9523 0.0142 0.0279 
0.1000 23.6824 66.0356 0.0176 0.0395 
0.0681 29.5077 68.0216 0.0219 0.0542 
0.0464 36.6751 70.2789 0.0267 0.0744 
0.0316 46.7615 72.4843 0.0325 0.1030 
0.0215 60.9578 74.2515 0.0406 0.1439 
0.0147 80.7324 75.5187 0.0521 0.2018 
0.0100 108.2708 76.2374 0.0696 0.2840 
0.0068 146.5262 76.3040 0.0976 0.4004 
0.0046 199.1453 75.5695 0.1450 0.5637 
0.0032 269.8738 73.8371 0.2285 0.7884 
0.0022 360.4720 70.8794 0.3765 1.0860 
0.0015 465.8077 66.5174 0.6308 1.4518 
0.0010 566.7894 60.8185 1.0315 1.8470 
0.0007 630.6656 54.4044 1.5736 2.1983 
0.0005 634.1647 48.5657 2.1735 2.4624 
0.0003 591.5745 44.6661 2.7334 2.7017 
0.0002 539.8224 43.1807 3.2434 3.0437 
0.0001 505.6354 43.5132 3.7822 3.5909 
0.0001 495.1141 44.3962 4.4675 4.3743 
