10.0000 16822.6880 -1.1275 0.1152 -0.0023 
6.8129 10887.0314 -0.6186 0.1123 -0.0012 
4.6416 9026.0853 0.2343 0.1239 0.0005 
3.1623 5772.1521 1.3008 0.1200 0.0027 
2.1544 3993.2013 2.3782 0.1209 0.0050 
1.4678 2535.5960 4.2693 0.1165 0.0087 
1.0000 1606.3179 6.2228 0.1120 0.0122 
0.6813 1118.0809 8.4296 0.1126 0.0167 
0.4642 965.2418 10.2548 0.1261 0.0228 
0.3162 757.2822 12.8623 0.1341 0.0306 
0.2154 541.3817 16.0689 0.1354 0.0390 
0.1468 484.8233 16.3829 0.1549 0.0455 
0.1000 374.5973 19.0019 0.1626 0.0560 
0.0681 300.4482 17.2686 0.1782 0.0554 
0.0464 227.7467 16.0200 0.1892 0.0543 
0.0316 157.0793 16.2790 0.1901 0.0555 
0.0215 90.5443 17.9699 0.1733 0.0562 
0.0147 74.7631 27.1124 0.1785 0.0914 
0.0100 72.8598 37.6096 0.1900 0.1464 
0.0068 81.7398 41.1872 0.2316 0.2027 
0.0046 91.3724 42.3276 0.2915 0.2655 
0.0032 96.3121 44.7007 0.3486 0.3449 
0.0022 92.5579 45.3516 0.4093 0.4144 
0.0015 89.9020 46.1844 0.4815 0.5018 
0.0010 96.8149 45.7307 0.6103 0.6261 
0.0007 103.2762 44.7118 0.7775 0.7697 
0.0005 104.5974 43.8661 0.9617 0.9244 
0.0003 104.3422 43.3104 1.1745 1.1072 
0.0002 102.7191 46.5623 1.3340 1.4088 
0.0001 102.3189 44.7395 1.6664 1.6514 
0.0001 97.0081 45.4333 1.9421 1.9717 
