10.0000 1122.1027 -0.1646 0.0298 -0.0001 
6.8129 570.9558 -0.2723 0.0257 -0.0001 
4.6416 511.0182 -0.3347 0.0295 -0.0002 
3.1623 323.5702 -0.6185 0.0284 -0.0003 
2.1544 320.8092 -0.9555 0.0343 -0.0006 
1.4678 136.8283 -2.0170 0.0271 -0.0010 
1.0000 114.3529 -2.5315 0.0300 -0.0013 
0.6813 76.2089 -3.9316 0.0296 -0.0020 
0.4642 45.4291 -6.7491 0.0276 -0.0033 
0.3162 31.4346 -9.1728 0.0277 -0.0045 
0.2154 14.0511 -10.9432 0.0223 -0.0043 
0.1468 3.9441 -0.9628 0.0146 -0.0002 
0.1000 4.5244 50.3657 0.0121 0.0146 
0.0681 9.0848 48.0659 0.0217 0.0241 
0.0464 9.6009 43.1010 0.0295 0.0276 
0.0316 9.4367 41.8196 0.0362 0.0324 
0.0215 8.9375 45.9879 0.0398 0.0412 
0.0147 9.4527 51.7848 0.0441 0.0560 
0.0100 9.8317 43.4365 0.0640 0.0606 
0.0068 9.8934 40.5283 0.0814 0.0696 
0.0046 9.8270 44.7977 0.0917 0.0911 
0.0032 10.3186 44.9919 0.1135 0.1135 
0.0022 9.5619 46.2229 0.1295 0.1352 
0.0015 10.2367 46.1222 0.1626 0.1691 
0.0010 11.1316 45.0217 0.2096 0.2097 
0.0007 9.6163 46.3747 0.2303 0.2417 
0.0005 8.8701 45.1530 0.2739 0.2754 
0.0003 10.7923 47.1231 0.3532 0.3804 
0.0002 9.8100 46.6504 0.4116 0.4360 
0.0001 10.4621 46.8810 0.5128 0.5476 
0.0001 9.4866 46.6497 0.5941 0.6293 
