10.0000 17739.0185 -1.0733 0.1183 -0.0022 
6.8129 11865.3242 -0.5665 0.1173 -0.0012 
4.6416 7974.0785 0.2285 0.1165 0.0005 
3.1623 5400.8633 1.2847 0.1161 0.0026 
2.1544 3697.3707 2.6028 0.1163 0.0053 
1.4678 2564.3595 4.1579 0.1171 0.0085 
1.0000 1805.0170 5.9356 0.1187 0.0123 
0.6813 1291.8534 7.9432 0.1212 0.0169 
0.4642 943.2852 10.2014 0.1247 0.0224 
0.3162 707.0755 12.6860 0.1296 0.0292 
0.2154 548.6161 15.2097 0.1368 0.0372 
0.1468 442.6030 17.3096 0.1473 0.0459 
0.1000 367.5389 18.3254 0.1617 0.0536 
0.0681 304.3015 17.8237 0.1788 0.0575 
0.0464 240.0376 16.1260 0.1941 0.0561 
0.0316 172.7530 14.5826 0.2010 0.0523 
0.0215 110.8037 16.2710 0.1934 0.0565 
0.0147 73.6872 27.0241 0.1774 0.0905 
0.0100 78.5233 39.5276 0.1921 0.1585 
0.0068 88.3105 41.9030 0.2381 0.2137 
0.0046 89.7866 43.8613 0.2818 0.2708 
0.0032 94.3814 45.4651 0.3405 0.3460 
0.0022 98.8696 45.6127 0.4211 0.4302 
0.0015 100.5393 45.2945 0.5173 0.5227 
0.0010 100.3877 44.9999 0.6295 0.6295 
0.0007 100.0246 44.9714 0.7617 0.7609 
0.0005 99.9799 44.9988 0.9222 0.9221 
0.0003 100.0005 45.0008 1.1173 1.1173 
0.0002 100.0002 44.9999 1.3537 1.3537 
0.0001 100.0000 45.0000 1.6400 1.6400 
0.0001 100.0000 45.0000 1.9869 1.9869 
