10.0000 200.7046 2.2093 0.0126 0.0005 
6.8129 137.4198 3.1126 0.0126 0.0007 
4.6416 94.0921 4.3402 0.0126 0.0010 
3.1623 64.2071 6.0867 0.0126 0.0013 
2.1544 43.4221 8.7586 0.0125 0.0019 
1.4678 28.9928 13.2414 0.0122 0.0029 
1.0000 19.4789 21.3071 0.0116 0.0045 
0.6813 14.7384 35.0999 0.0107 0.0075 
0.4642 15.7583 51.5301 0.0102 0.0128 
0.3162 22.5425 60.7942 0.0116 0.0207 
0.2154 31.0392 62.1873 0.0157 0.0298 
0.1468 37.5664 61.8163 0.0212 0.0396 
0.1000 43.9388 62.4258 0.0273 0.0522 
0.0681 52.7481 63.0414 0.0354 0.0697 
0.0464 64.1485 62.7156 0.0479 0.0928 
0.0316 77.5648 61.3524 0.0667 0.1221 
0.0215 91.9799 58.9375 0.0947 0.1573 
0.0147 105.1079 55.5727 0.1344 0.1961 
0.0100 113.7602 51.6685 0.1859 0.2351 
0.0068 115.7338 47.9568 0.2453 0.2720 
0.0046 111.8830 45.2533 0.3071 0.3098 
0.0032 105.8018 44.0273 0.3696 0.3572 
0.0022 101.1739 44.0652 0.4375 0.4235 
0.0015 99.4711 44.7037 0.5199 0.5146 
0.0010 99.6127 45.0000 0.6271 0.6271 
0.0007 99.9754 45.0286 0.7608 0.7615 
0.0005 100.0201 45.0012 0.9223 0.9224 
0.0003 99.9995 44.9992 1.1173 1.1173 
0.0002 99.9998 45.0001 1.3537 1.3537 
0.0001 100.0000 45.0000 1.6400 1.6400 
0.0001 100.0000 45.0000 1.9869 1.9869 
