10.0000 221.2525 1.0485 0.0132 0.0002 
6.8129 138.9353 1.5615 0.0127 0.0003 
4.6416 104.9059 2.1621 0.0133 0.0005 
3.1623 67.7120 2.9759 0.0130 0.0007 
2.1544 58.3709 3.2402 0.0146 0.0008 
1.4678 40.6105 5.0328 0.0147 0.0013 
1.0000 24.3699 6.7787 0.0138 0.0016 
0.6813 13.8155 11.8101 0.0124 0.0026 
0.4642 9.7169 17.1883 0.0123 0.0038 
0.3162 6.7115 30.7890 0.0111 0.0066 
0.2154 7.1760 52.5466 0.0099 0.0129 
0.1468 11.1625 63.7920 0.0108 0.0220 
0.1000 13.9981 63.1732 0.0150 0.0297 
0.0681 16.5054 64.1356 0.0191 0.0394 
0.0464 22.4093 69.6765 0.0214 0.0579 
0.0316 25.8041 69.9844 0.0275 0.0754 
0.0215 34.8842 72.0980 0.0348 0.1076 
0.0147 47.4958 75.0156 0.0413 0.1544 
0.0100 57.1420 75.6965 0.0525 0.2058 
0.0068 69.3706 77.6371 0.0607 0.2770 
0.0046 85.8039 77.0664 0.0855 0.3724 
0.0032 112.5249 78.3507 0.1070 0.5191 
0.0022 205.8927 79.6054 0.1567 0.8544 
0.0015 260.6247 79.2887 0.2201 1.1634 
0.0010 381.6451 79.9386 0.3033 1.7092 
0.0007 394.1154 76.0647 0.5147 2.0743 
0.0005 627.5240 72.0314 1.0079 3.1079 
0.0003 957.5369 68.4896 1.7929 4.5490 
0.0002 1070.4654 60.3763 3.0960 5.4448 
0.0001 1273.0070 55.0651 4.7387 6.7840 
0.0001 1347.6241 48.9811 6.7700 7.7828 
