10.0000 207809.0551 -2.4026 0.4047 -0.0170 
6.8129 165142.5279 -2.0470 0.4372 -0.0156 
4.6416 100697.1131 -1.9196 0.4136 -0.0139 
3.1623 66194.7514 -1.5242 0.4064 -0.0108 
2.1544 45805.1164 -0.8702 0.4097 -0.0062 
1.4678 35536.5179 0.0245 0.4372 0.0002 
1.0000 20434.1761 1.1114 0.4016 0.0078 
0.6813 14630.9961 2.0775 0.4115 0.0149 
0.4642 10977.7985 3.2561 0.4314 0.0245 
0.3162 7132.4677 4.5739 0.4207 0.0337 
0.2154 5104.3603 5.3117 0.4307 0.0400 
0.1468 3484.4080 6.9328 0.4298 0.0523 
0.1000 2413.5251 9.4509 0.4306 0.0717 
0.0681 1677.1239 10.7583 0.4331 0.0823 
0.0464 1252.4973 12.9099 0.4499 0.1031 
0.0316 1009.0714 16.4529 0.4814 0.1422 
0.0215 940.0759 18.5950 0.5563 0.1872 
0.0147 663.3412 26.1529 0.5362 0.2633 
0.0100 697.6593 23.3376 0.6815 0.2940 
0.0068 496.3221 25.4170 0.6850 0.3255 
0.0046 477.1255 22.2071 0.8341 0.3405 
0.0032 360.6336 19.9741 0.8918 0.3241 
0.0022 256.3816 18.5303 0.9191 0.3081 
0.0015 164.6154 28.1427 0.8298 0.4438 
0.0010 170.6276 36.3316 0.9351 0.6877 
0.0007 158.1938 34.2177 1.1196 0.7614 
0.0005 179.3548 44.6719 1.2422 1.2280 
0.0003 181.5259 47.8441 1.4288 1.5782 
0.0002 196.1945 45.3051 1.8860 1.9062 
0.0001 186.2080 42.9799 2.3154 2.1576 
0.0001 217.2024 47.4608 2.7998 3.0513 
