10.0000 148.0004 10.7612 0.0106 0.0020 
6.8129 119.8859 13.5953 0.0115 0.0028 
4.6416 86.9371 20.0055 0.0114 0.0042 
3.1623 62.7283 28.4866 0.0110 0.0060 
2.1544 74.9972 29.3932 0.0144 0.0081 
1.4678 56.5081 37.9489 0.0137 0.0107 
1.0000 57.0594 46.4172 0.0146 0.0154 
0.6813 61.0742 47.0234 0.0181 0.0195 
0.4642 58.5899 53.3964 0.0188 0.0253 
0.3162 62.5215 56.2323 0.0220 0.0328 
0.2154 67.2648 59.1982 0.0254 0.0426 
0.1468 83.8801 64.1461 0.0293 0.0604 
0.1000 108.4142 68.7605 0.0335 0.0862 
0.0681 140.1759 69.5428 0.0445 0.1194 
0.0464 176.8552 70.6867 0.0574 0.1637 
0.0316 195.9964 71.8687 0.0688 0.2102 
0.0215 286.8832 72.0542 0.0999 0.3085 
0.0147 366.6885 69.5299 0.1553 0.4161 
0.0100 505.0794 68.3380 0.2331 0.5869 
0.0068 612.2529 65.3895 0.3508 0.7658 
0.0046 616.6853 62.3932 0.4746 0.9076 
0.0032 848.8020 61.4559 0.6956 1.2788 
0.0022 824.5218 58.8315 0.8997 1.4874 
0.0015 867.3151 57.9078 1.1476 1.8299 
0.0010 1052.7635 59.4433 1.4657 2.4827 
0.0007 1257.9610 58.1194 2.0166 3.2423 
0.0005 1499.7062 55.4871 2.8618 4.1619 
0.0003 1767.4813 51.0287 4.1781 5.1648 
0.0002 1773.9941 46.0515 5.5959 5.8052 
0.0001 1724.5244 45.4155 6.7610 6.8597 
0.0001 1736.3667 44.5569 8.3432 8.2152 
