10.0000 233050.8091 -2.1341 0.4287 -0.0160 
6.8129 154772.3870 -2.1217 0.4232 -0.0157 
4.6416 102692.3570 -1.9217 0.4177 -0.0140 
3.1623 68246.1558 -1.4994 0.4127 -0.0108 
2.1544 45570.3134 -0.8379 0.4086 -0.0060 
1.4678 30673.8853 0.0258 0.4062 0.0002 
1.0000 20868.9208 1.0664 0.4059 0.0076 
0.6813 14369.0476 2.2102 0.4078 0.0157 
0.4642 10007.5889 3.3588 0.4119 0.0242 
0.3162 7035.3806 4.4895 0.4178 0.0328 
0.2154 4979.0504 5.6449 0.4251 0.0420 
0.1468 3541.5847 6.9272 0.4333 0.0526 
0.1000 2533.9282 8.5006 0.4424 0.0661 
0.0681 1831.6956 10.5472 0.4530 0.0843 
0.0464 1350.0156 13.2159 0.4665 0.1096 
0.0316 1029.4392 16.5175 0.4861 0.1441 
0.0215 826.7367 20.1403 0.5168 0.1895 
0.0147 706.6846 23.2873 0.5663 0.2438 
0.0100 633.8078 24.8631 0.6418 0.2974 
0.0068 569.1623 24.1993 0.7408 0.3329 
0.0046 481.7350 21.7786 0.8406 0.3359 
0.0032 367.3132 19.3376 0.9036 0.3171 
0.0022 251.1775 20.0293 0.9014 0.3286 
0.0015 180.5420 27.8861 0.8711 0.4609 
0.0010 178.4397 36.0706 0.9594 0.6989 
0.0007 177.5110 38.7274 1.1189 0.8973 
0.0005 173.5798 42.2872 1.2712 1.1562 
0.0003 182.2982 44.9714 1.5093 1.5078 
0.0002 193.1701 45.8441 1.8535 1.9089 
0.0001 199.7325 45.5727 2.2945 2.3408 
0.0001 201.1878 45.1325 2.8117 2.8248 
