10.0000 129424.8274 -0.0322 0.3197 -0.0002 
6.8129 65788.0435 -0.0096 0.2761 -0.0000 
4.6416 58780.0573 0.0205 0.3162 0.0001 
3.1623 37127.3028 -0.0063 0.3045 -0.0000 
2.1544 36723.1438 0.0245 0.3669 0.0002 
1.4678 15651.1313 0.0537 0.2902 0.0003 
1.0000 13169.2777 0.0771 0.3225 0.0004 
0.6813 8968.4183 0.1240 0.3224 0.0007 
0.4642 5634.4164 0.2077 0.3096 0.0011 
0.3162 4468.5994 0.2549 0.3340 0.0015 
0.2154 2854.8432 0.2609 0.3235 0.0015 
0.1468 1970.8472 0.2397 0.3256 0.0014 
0.1000 1328.0406 -0.0069 0.3238 -0.0000 
0.0681 936.2830 -0.5046 0.3294 -0.0029 
0.0464 615.2209 -1.3771 0.3234 -0.0078 
0.0316 440.5362 -2.6051 0.3313 -0.0151 
0.0215 237.6225 -5.0057 0.2940 -0.0257 
0.0147 119.6226 -9.6235 0.2501 -0.0424 
0.0100 86.9745 -9.9288 0.2581 -0.0452 
0.0068 32.2900 -4.0887 0.1930 -0.0138 
0.0046 19.1827 40.4339 0.1375 0.1172 
0.0032 44.7813 46.6908 0.2294 0.2433 
0.0022 45.4252 43.6253 0.2953 0.2815 
0.0015 46.3066 44.6108 0.3553 0.3505 
0.0010 52.5214 45.6068 0.4505 0.4601 
0.0007 47.6054 47.1097 0.5055 0.5442 
0.0005 44.5952 45.4361 0.6112 0.6205 
0.0003 54.1627 47.1191 0.7913 0.8521 
0.0002 49.0566 46.6229 0.9209 0.9746 
0.0001 52.3005 46.8802 1.1465 1.2243 
0.0001 47.4333 46.6505 1.3284 1.4073 
