10.0000 219.0929 1.0515 0.0132 0.0002 
6.8129 149.7183 1.5066 0.0132 0.0003 
4.6416 102.5076 2.1416 0.0132 0.0005 
3.1623 70.3061 2.9554 0.0132 0.0007 
2.1544 48.2199 4.0200 0.0133 0.0009 
1.4678 32.9224 5.4982 0.0132 0.0013 
1.0000 22.2001 7.7524 0.0131 0.0018 
0.6813 14.6489 11.6284 0.0128 0.0026 
0.4642 9.5153 19.0163 0.0120 0.0041 
0.3162 6.7203 32.9951 0.0109 0.0071 
0.2154 6.8774 51.7473 0.0098 0.0125 
0.1468 10.1938 62.9543 0.0106 0.0209 
0.1000 14.4941 65.0224 0.0143 0.0307 
0.0681 17.7836 65.4845 0.0188 0.0413 
0.0464 21.1021 67.4651 0.0230 0.0553 
0.0316 25.9297 70.0350 0.0275 0.0756 
0.0215 32.8056 72.3520 0.0332 0.1045 
0.0147 42.3257 74.3846 0.0406 0.1453 
0.0100 55.5753 76.1496 0.0501 0.2034 
0.0068 74.1350 77.6130 0.0629 0.2863 
0.0046 100.2491 78.7306 0.0807 0.4050 
0.0032 137.1005 79.4464 0.1072 0.5752 
0.0022 189.1420 79.6822 0.1491 0.8191 
0.0015 262.4156 79.3264 0.2201 1.1676 
0.0010 364.5862 78.2220 0.3463 1.6609 
0.0007 503.8785 76.1601 0.5781 2.3464 
0.0005 684.9930 72.8967 1.0039 3.2626 
0.0003 899.0161 68.2358 1.7567 4.4001 
0.0002 1108.3429 62.2377 2.9687 5.6397 
0.0001 1246.3164 55.5263 4.6346 6.7500 
0.0001 1262.9536 49.3784 6.5014 7.5796 
