       0.000        0.482 
      20.000        0.470 
      40.000        0.634 
      60.000        0.409 
      80.000        0.398 
     100.000        0.574 
     120.000        0.825 
     140.000        0.647 
     160.000        0.811 
     180.000        1.108 
     200.000        1.136 
     220.000        1.304 
     240.000        1.220 
     260.000        1.398 
     280.000        1.616 
     300.000        1.582 
     320.000        1.828 
     340.000        1.837 
     360.000        2.085 
     380.000        2.007 
     400.000        2.176 
     420.000        1.872 
     440.000        2.080 
     460.000        1.823 
     480.000        1.743 
     500.000        1.559 
     520.000        1.582 
     540.000        1.478 
     560.000        1.332 
     580.000        1.188 
     600.000        0.989 
     620.000        1.073 
     640.000        0.692 
     660.000        1.019 
     680.000        0.706 
     700.000        0.631 
     720.000        0.694 
     740.000        0.588 
     760.000        0.393 
     780.000        0.543 
     800.000        0.497 
     820.000        0.423 
     840.000        0.251 
     860.000        0.368 
     880.000        0.339 
     900.000        0.209 
     920.000        0.172 
     940.000        0.289 
     960.000        0.220 
     980.000        0.189 
    1000.000        0.279 
