       0.000        5.447 
      50.000        7.357 
     100.000        8.230 
     150.000        6.858 
     200.000        9.602 
     250.000       10.480 
     300.000       13.258 
     350.000       15.379 
     400.000       16.540 
     450.000       13.588 
     500.000       16.253 
     550.000       14.172 
     600.000       14.547 
     650.000       16.587 
     700.000       19.163 
     750.000       13.776 
     800.000       15.064 
     850.000       12.742 
     900.000       14.237 
     950.000        8.632 
    1000.000        9.727 
    1050.000        9.693 
    1100.000        9.806 
    1150.000        9.807 
    1200.000        6.102 
    1250.000        2.251 
    1300.000        3.139 
    1350.000        1.966 
    1400.000        8.324 
    1450.000        1.986 
    1500.000        4.359 
    1550.000        2.169 
    1600.000        4.062 
    1650.000        0.519 
    1700.000       -0.963 
    1750.000       -1.185 
    1800.000        2.477 
    1850.000        1.004 
    1900.000        0.842 
    1950.000        3.962 
    2000.000        1.608 
