       0.000        0.260 
      20.000        0.205 
      40.000        0.311 
      60.000        0.252 
      80.000        0.299 
     100.000        0.506 
     120.000        0.552 
     140.000        0.616 
     160.000        0.616 
     180.000        0.516 
     200.000        0.812 
     220.000        1.022 
     240.000        1.045 
     260.000        1.254 
     280.000        1.392 
     300.000        1.467 
     320.000        1.704 
     340.000        1.760 
     360.000        2.062 
     380.000        1.947 
     400.000        1.986 
     420.000        1.981 
     440.000        1.679 
     460.000        1.983 
     480.000        1.707 
     500.000        1.422 
     520.000        1.456 
     540.000        0.979 
     560.000        0.986 
     580.000        0.835 
     600.000        0.772 
     620.000        0.668 
     640.000        0.463 
     660.000        0.471 
     680.000        0.394 
     700.000        0.420 
     720.000        0.421 
     740.000        0.384 
     760.000        0.153 
     780.000        0.219 
     800.000        0.066 
     820.000        0.055 
     840.000        0.148 
     860.000        0.286 
     880.000        0.042 
     900.000        0.144 
     920.000        0.074 
     940.000        0.199 
     960.000       -0.029 
     980.000        0.076 
    1000.000        0.121 
