10.0000 154764.5173 -0.0843 
6.8129 105192.5147 -0.0581 
4.6416 71447.4933 0.0073 
3.1623 48488.9800 0.1332 
2.1544 32883.0956 0.3591 
1.4678 22289.8680 0.7361 
1.0000 15114.3775 1.3367 
0.6813 10268.8052 2.2543 
0.4642 7010.4654 3.6010 
0.3162 4831.6651 5.4961 
0.2154 3385.0458 8.0449 
0.1468 2433.1143 11.3027 
0.1000 1814.1150 15.2279 
0.0681 1418.6932 19.6358 
0.0464 1173.4104 24.1739 
0.0316 1028.4004 28.3458 
0.0215 947.4856 31.6078 
0.0147 900.4121 33.5363 
0.0100 858.9005 34.0230 
0.0068 799.4765 33.4183 
0.0046 712.3178 32.5478 
0.0032 607.8878 32.5913 
0.0022 514.6123 34.7468 
0.0015 467.4144 39.0057 
0.0010 475.4988 42.6304 
0.0007 496.2778 43.7148 
0.0005 500.5631 43.9039 
0.0003 499.6227 44.2139 
0.0002 499.7660 44.4794 
0.0001 499.9179 44.6488 
0.0001 499.9612 44.7667 
