-4.0000000000 0.0005259724 76.1558400456 
-3.9000000000 0.0003933754 62.9709704224 
-3.8000000000 0.0002910229 52.4477699074 
-3.7000000000 0.0002125495 44.0593917435 
-3.6000000000 0.0001529426 37.3817401482 
-3.5000000000 0.0001082250 32.0720453996 
-3.4000000000 0.0000752000 27.8526472468 
-3.3000000000 0.0000512624 24.4988701691 
-3.2000000000 0.0000342725 21.8297249914 
-3.1000000000 0.0000224805 19.7003957394 
-3.0000000000 0.0000144796 17.9958915365 
-2.9000000000 0.0000091697 16.6255747340 
-2.8000000000 0.0000057180 15.5184532654 
-2.7000000000 0.0000035167 14.6191834995 
-2.6000000000 0.0000021365 13.8847258332 
-2.5000000000 0.0000012842 13.2816294550 
-2.4000000000 0.0000007648 12.7838434606 
-2.3000000000 0.0000004518 12.3709838982 
-2.2000000000 0.0000002650 12.0270301031 
-2.1000000000 0.0000001545 11.7392954300 
-2.0000000000 0.0000000897 11.4976930368 
