10.0000 157.3543 18.5095 0.0106 0.0035 
6.8129 140.8368 24.9960 0.0116 0.0054 
4.6416 108.9788 29.8021 0.0118 0.0068 
3.1623 105.1873 35.9853 0.0131 0.0095 
2.1544 100.5768 42.2460 0.0142 0.0129 
1.4678 101.6897 52.3366 0.0143 0.0185 
1.0000 112.0755 50.5971 0.0189 0.0230 
0.6813 118.9202 55.4896 0.0210 0.0306 
0.4642 139.5052 59.7319 0.0246 0.0421 
0.3162 163.0267 55.1460 0.0365 0.0524 
0.2154 198.7003 60.6931 0.0418 0.0744 
0.1468 226.1066 58.3887 0.0578 0.0939 
0.1000 265.3991 56.4719 0.0800 0.1207 
0.0681 272.4314 53.9721 0.1045 0.1437 
0.0464 285.9658 53.1753 0.1322 0.1765 
0.0316 278.8691 54.4022 0.1536 0.2146 
0.0215 294.6333 62.3011 0.1527 0.2909 
0.0147 369.5676 63.0430 0.2021 0.3974 
0.0100 460.1592 65.3204 0.2517 0.5477 
0.0068 491.5597 63.3908 0.3381 0.6748 
0.0046 772.9118 64.7802 0.4886 1.0373 
0.0032 870.8405 64.4643 0.6356 1.3305 
0.0022 873.0357 57.1394 0.9706 1.5025 
0.0015 1093.1942 54.8621 1.3957 1.9831 
0.0010 1087.0162 51.7153 1.8151 2.2996 
0.0007 1046.0988 50.7912 2.2011 2.6979 
0.0005 1163.6762 44.8794 3.1526 3.1394 
0.0003 1095.8922 45.9927 3.6342 3.7624 
0.0002 1021.8390 45.5073 4.2887 4.3653 
0.0001 928.7615 46.1339 4.8981 5.0960 
0.0001 1047.0574 45.6077 6.3608 6.4971 
