10.0000 1064.1184 -0.1548 0.0290 -0.0001 
6.8129 725.5979 -0.2315 0.0290 -0.0001 
4.6416 495.1131 -0.3638 0.0290 -0.0002 
3.1623 338.0668 -0.5949 0.0291 -0.0003 
2.1544 230.8272 -0.9894 0.0291 -0.0005 
1.4678 157.2851 -1.6333 0.0291 -0.0008 
1.0000 106.5049 -2.6315 0.0290 -0.0013 
0.6813 71.0724 -4.1136 0.0286 -0.0021 
0.4642 45.9065 -6.2465 0.0278 -0.0030 
0.3162 27.4325 -9.1694 0.0258 -0.0042 
0.2154 13.2526 -12.0070 0.0216 -0.0046 
0.1468 3.6756 -0.9222 0.0141 -0.0002 
0.1000 4.1801 49.6240 0.0118 0.0138 
0.0681 8.9613 49.5136 0.0209 0.0245 
0.0464 9.8286 44.6680 0.0291 0.0287 
0.0316 9.5264 44.7502 0.0346 0.0343 
0.0215 9.8367 45.5983 0.0420 0.0429 
0.0147 10.0527 45.2974 0.0517 0.0523 
0.0100 10.0389 45.0001 0.0630 0.0630 
0.0068 10.0025 44.9714 0.0762 0.0761 
0.0046 9.9980 44.9988 0.0922 0.0922 
0.0032 10.0001 45.0008 0.1117 0.1117 
0.0022 10.0000 44.9999 0.1354 0.1354 
0.0015 10.0000 45.0000 0.1640 0.1640 
0.0010 10.0000 45.0000 0.1987 0.1987 
0.0007 10.0000 45.0000 0.2407 0.2407 
0.0005 10.0000 45.0000 0.2916 0.2916 
0.0003 10.0000 45.0000 0.3533 0.3533 
0.0002 10.0000 45.0000 0.4281 0.4281 
0.0001 10.0000 45.0000 0.5186 0.5186 
0.0001 10.0000 45.0000 0.6283 0.6283 
