10.0000 177.2301 2.3511 0.0118 0.0005 
6.8129 135.7289 3.0107 0.0125 0.0007 
4.6416 95.0755 4.1657 0.0127 0.0009 
3.1623 76.3761 5.1567 0.0138 0.0012 
2.1544 44.5043 8.4329 0.0126 0.0019 
1.4678 28.1684 12.2558 0.0120 0.0026 
1.0000 20.9877 20.7226 0.0120 0.0046 
0.6813 16.1563 34.4891 0.0113 0.0077 
0.4642 14.1386 50.9021 0.0098 0.0120 
0.3162 23.1757 62.0343 0.0113 0.0212 
0.2154 29.7222 63.2264 0.0149 0.0295 
0.1468 33.0324 63.3444 0.0189 0.0377 
0.1000 47.2661 62.8146 0.0279 0.0543 
0.0681 56.0865 61.9513 0.0379 0.0712 
0.0464 59.8042 61.0962 0.0488 0.0883 
0.0316 80.3001 64.8769 0.0601 0.1282 
0.0215 96.3555 58.8230 0.0973 0.1608 
0.0147 104.2439 54.1074 0.1388 0.1918 
0.0100 125.6911 51.4526 0.1963 0.2464 
0.0068 110.3757 47.4792 0.2417 0.2636 
0.0046 115.4425 46.2684 0.3063 0.3202 
0.0032 117.4537 43.8093 0.3908 0.3749 
0.0022 93.2062 47.3297 0.3961 0.4297 
0.0015 77.6783 47.0872 0.4401 0.4734 
0.0010 95.7071 46.3015 0.6006 0.6285 
0.0007 99.0761 44.9351 0.7586 0.7568 
0.0005 105.9292 43.7207 0.9701 0.9278 
0.0003 104.1252 43.6545 1.1666 1.1131 
0.0002 89.7766 44.5890 1.2918 1.2734 
0.0001 104.1205 42.7313 1.7384 1.6059 
0.0001 102.4164 44.3058 2.0350 1.9863 
