10.0000 170.9726 17.9098 0.0111 0.0036 
6.8129 135.0374 23.5571 0.0115 0.0050 
4.6416 113.9021 29.7769 0.0121 0.0069 
3.1623 103.1322 36.0925 0.0130 0.0095 
2.1544 100.0381 42.1068 0.0142 0.0128 
1.4678 103.2391 47.4947 0.0159 0.0174 
1.0000 112.3050 52.0399 0.0183 0.0235 
0.6813 127.4224 55.5387 0.0217 0.0317 
0.4642 148.9317 57.8222 0.0268 0.0426 
0.3162 176.6101 58.7915 0.0344 0.0568 
0.2154 208.6030 58.4395 0.0458 0.0745 
0.1468 240.2246 56.9565 0.0620 0.0953 
0.1000 264.1312 54.8808 0.0831 0.1181 
0.0681 274.4796 53.2093 0.1068 0.1428 
0.0464 274.5789 53.1964 0.1295 0.1730 
0.0316 279.9887 55.4442 0.1500 0.2178 
0.0215 308.1145 58.7635 0.1743 0.2873 
0.0147 362.1339 61.2974 0.2120 0.3871 
0.0100 435.8502 62.6451 0.2696 0.5210 
0.0068 528.1818 63.0967 0.3540 0.6977 
0.0046 641.6661 62.7087 0.4790 0.9285 
0.0032 775.6181 61.3519 0.6672 1.2213 
0.0022 919.7999 58.9376 0.9473 1.5727 
0.0015 1051.0790 55.5727 1.3443 1.9613 
0.0010 1137.6022 51.6685 1.8588 2.3510 
0.0007 1157.3376 47.9568 2.4526 2.7198 
0.0005 1118.8299 45.2533 3.0711 3.0984 
0.0003 1058.0175 44.0273 3.6955 3.5721 
0.0002 1011.7394 44.0652 4.3754 4.2349 
0.0001 994.7111 44.7037 5.1991 5.1456 
0.0001 996.1270 45.0000 6.2710 6.2710 
