10.0000 2681.4636 -0.0687 0.0460 -0.0001 
6.8129 1826.7212 -0.0976 0.0460 -0.0001 
4.6416 1244.4699 -0.1388 0.0460 -0.0001 
3.1623 847.8730 -0.1994 0.0460 -0.0002 
2.1544 577.7555 -0.2904 0.0460 -0.0002 
1.4678 393.7792 -0.4303 0.0460 -0.0003 
1.0000 268.4359 -0.6484 0.0460 -0.0005 
0.6813 182.9674 -0.9879 0.0460 -0.0008 
0.4642 124.5952 -1.5090 0.0460 -0.0012 
0.3162 84.6267 -2.2957 0.0459 -0.0018 
0.2154 57.1405 -3.4748 0.0457 -0.0028 
0.1468 38.0612 -5.2595 0.0451 -0.0041 
0.1000 24.4914 -8.0198 0.0435 -0.0061 
0.0681 14.2429 -12.1379 0.0397 -0.0085 
0.0464 6.1713 -15.0588 0.0313 -0.0084 
0.0316 1.8849 1.8956 0.0217 0.0007 
0.0215 1.8281 41.9330 0.0193 0.0173 
0.0147 3.5935 52.5589 0.0267 0.0349 
0.0100 4.8137 48.3210 0.0410 0.0460 
0.0068 4.9254 46.0980 0.0524 0.0544 
0.0046 5.0412 45.4093 0.0650 0.0659 
0.0032 5.0274 44.9935 0.0792 0.0792 
0.0022 5.0014 44.9593 0.0958 0.0957 
0.0015 4.9986 44.9988 0.1160 0.1159 
0.0010 5.0000 45.0011 0.1405 0.1405 
0.0007 5.0000 44.9999 0.1702 0.1702 
0.0005 5.0000 45.0000 0.2062 0.2062 
0.0003 5.0000 45.0000 0.2498 0.2498 
0.0002 5.0000 45.0000 0.3027 0.3027 
0.0001 5.0000 45.0000 0.3667 0.3667 
0.0001 5.0000 45.0000 0.4443 0.4443 
