10.0000 122736.9561 -0.0303 0.3113 -0.0002 
6.8129 83607.1211 -0.0082 0.3113 -0.0000 
4.6416 56950.2167 0.0223 0.3112 0.0001 
3.1623 38791.0184 -0.0060 0.3112 -0.0000 
2.1544 26422.3415 0.0253 0.3112 0.0001 
1.4678 17998.7629 0.0435 0.3112 0.0002 
1.0000 12263.5439 0.0801 0.3112 0.0004 
0.6813 8360.2054 0.1298 0.3113 0.0007 
0.4642 5705.0104 0.1921 0.3115 0.0010 
0.3162 3899.7543 0.2548 0.3120 0.0014 
0.2154 2672.3927 0.2870 0.3129 0.0016 
0.1468 1836.7438 0.2296 0.3143 0.0013 
0.1000 1265.4190 -0.0068 0.3161 -0.0000 
0.0681 871.7715 -0.5310 0.3178 -0.0029 
0.0464 597.5720 -1.4546 0.3187 -0.0081 
0.0316 404.0505 -2.8859 0.3172 -0.0160 
0.0215 265.1586 -4.9384 0.3106 -0.0268 
0.0147 162.8002 -7.6826 0.2933 -0.0396 
0.0100 84.5026 -10.4741 0.2540 -0.0470 
0.0068 28.3343 -4.7747 0.1806 -0.0151 
0.0046 19.4956 40.6326 0.1382 0.1186 
0.0032 43.3997 46.6997 0.2258 0.2396 
0.0022 47.6906 42.4049 0.3087 0.2819 
0.0015 45.3295 43.4890 0.3583 0.3398 
0.0010 47.1816 45.5851 0.4272 0.4360 
0.0007 49.4442 45.7363 0.5283 0.5421 
0.0005 50.2732 45.2831 0.6507 0.6571 
0.0003 50.1872 44.9960 0.7916 0.7915 
0.0002 50.0096 44.9724 0.9577 0.9568 
0.0001 49.9904 44.9992 1.1596 1.1595 
0.0001 50.0003 45.0008 1.4049 1.4050 
